17
7
28 29 47 63 49 82 90 93 95 73 71 12 20 32 12 37 5
17 26 28 39 31 77 9 17 9 68 48 4 7 10 12 2 4
78 25 38 54 20 19 95 67 63 82 66 57 14 44 32 46
20
9
90 71 12 49 48 27 68 58 61 88 72 17 2 58 92 45 31 97 98 4
40 69 11 35 17 8 53 13 45 87 6 6 2 51 34 39 31 30 83 1
73 42 45 26 29 68 60 72 2 26 15 65 99 95 48 13 22 59 43
5
5
50 39 40 56 20
18 20 19 38 5
44 69 37 30
22
5
79 75 38 43 47 53 36 68 53 4 9 26 100 76 15 39 34 69 60 37 92 50
76 58 2 36 13 8 28 50 2 0 4 20 20 76 5 10 9 53 48 5 69 22
89 48 88 68 2 93 75 58 47 61 32 69 89 58 86 56 94 69 71 20 99
22
10
10 39 82 77 74 5 24 46 10 33 89 19 66 17 2 57 37 20 96 52 36 52
6 33 27 49 16 4 1 42 5 6 29 15 32 5 2 15 23 13 16 4 28 5
87 42 96 43 65 45 69 54 69 53 25 53 64 32 92 19 17 34 48 18 90
16
14
57 2 88 78 93 86 22 24 49 60 35 95 22 6 95 70
8 2 54 35 87 69 4 20 39 57 7 35 22 1 63 18
64 65 30 38 14 42 40 88 61 84 72 87 94 18 60
14
5
62 25 55 6 14 91 20 27 94 10 50 13 92 97
61 1 0 0 11 24 11 8 4 2 36 6 86 79
41 27 56 88 82 41 27 51 88 65 82 84 48
24
4
15 56 21 27 13 47 8 95 1 15 75 25 95 24 47 81 29 58 44 26 77 96 4 30
5 24 2 5 9 2 0 59 0 5 52 5 4 6 10 30 15 38 21 26 13 79 2 3
20 88 2 75 41 78 58 63 22 68 94 59 50 90 18 9 81 39 43 41 50 72 2
15
10
85 22 68 74 82 70 33 21 71 44 64 31 27 13 77
68 18 46 42 68 12 9 2 69 10 63 6 12 11 27
35 69 59 12 83 23 52 40 77 2 43 92 24 91
8
6
53 64 4 60 41 6 95 84
44 64 2 21 35 1 26 46
45 33 40 8 51 29 73
20
1
58 90 86 75 61 73 75 24 72 10 100 96 44 23 74 83 100 22 5 39
58 6 64 74 25 8 11 20 72 5 62 60 32 23 68 57 16 20 3 2
29 75 22 34 15 15 24 59 11 12 59 41 66 23 20 22 72 53 3
9
16
71 54 22 65 34 42 59 66 10
66 23 16 10 0 35 27 57 4
10 59 25 25 38 65 12 15
17
14
87 71 57 92 58 75 8 38 84 68 95 58 41 80 15 85 97
30 60 25 59 51 52 1 16 56 14 8 6 17 38 14 41 3
39 77 12 7 37 58 10 52 66 70 12 61 67 98 54 45
9
10
0 27 23 72 91 32 32 23 55
0 13 3 58 88 26 24 20 39
15 91 69 82 73 72 78 18
19
8
30 97 75 96 11 57 59 58 87 45 41 36 25 72 56 97 36 41 1
15 57 17 93 10 27 32 49 74 8 14 29 7 25 0 58 0 6 1
81 24 73 82 90 54 20 40 95 14 33 66 90 80 54 96 9 99
23
14
65 39 75 86 57 40 81 79 68 43 64 24 88 77 2 51 62 42 97 53 92 58 0
43 0 8 13 50 8 37 34 55 8 0 3 71 20 2 10 25 17 33 51 74 9 0
24 20 38 30 2 62 75 7 76 40 15 20 90 50 88 79 63 56 48 43 63 54
12
14
23 63 42 68 38 77 59 3 39 29 27 28
9 44 17 8 33 73 17 2 19 22 0 10
88 67 4 15 33 25 52 94 57 8 8
2
15
5 93
0 43
42
15
2
75 33 2 42 37 64 59 4 30 43 73 39 100 12 44
66 14 2 40 22 56 52 0 5 3 9 19 49 12 24
62 14 9 65 70 77 68 25 8 73 62 23 14 87
13
7
18 76 59 68 41 88 34 49 5 65 54 69 21
18 36 24 36 31 59 24 31 3 34 54 23 15
94 98 96 2 46 52 69 97 85 44 78 79
24
1
0 76 50 72 1 59 94 80 8 63 51 80 96 79 9 46 12 100 55 31 43 15 78 65
0 30 7 51 1 44 68 16 5 28 17 66 20 76 4 23 7 7 16 27 18 13 40 45
20 13 85 90 44 94 30 57 80 99 18 81 94 74 52 13 17 96 54 17 16 55 99
23
9
94 95 21 95 77 87 48 88 23 3 60 61 41 21 22 54 96 87 88 87 98 38 93
24 7 10 33 21 72 22 32 16 2 47 12 19 2 14 13 6 57 87 51 12 35 26
89 13 60 65 47 29 27 5 75 19 12 19 38 54 22 4 2 51 1 85 35 55
6
13
55 62 56 63 58 43
48 38 36 53 8 8
24 51 8 88 73
3
13
64 69 61
4 68 34
81 36
6
15
4 66 88 17 75 84
1 31 73 15 75 73
96 48 55 43 14
12
16
54 89 15 3 28 31 95 66 92 62 64 1
5 61 3 2 26 19 41 7 91 25 57 0
22 55 74 27 53 90 37 24 7 33 17
13
2
39 56 36 23 94 72 74 65 76 75 89 5 17
34 17 7 0 89 10 40 18 54 27 59 4 16
10 19 67 72 46 50 50 91 51 65 51 65
25
1
0 27 81 78 66 2 67 70 95 56 73 83 30 52 3 31 99 55 83 94 65 32 99 57 97
0 2 81 24 14 2 49 65 23 11 68 0 17 20 3 4 1 45 2 18 52 21 87 6 35
26 68 63 58 98 32 94 67 57 13 38 7 25 92 50 56 27 48 30 42 34 98 51 6
11
1
32 57 50 4 14 63 60 21 66 14 60
8 3 26 1 10 46 56 4 66 7 37
14 92 36 37 47 95 49 26 96 15
5
9
29 67 40 90 53
11 66 13 87 24
89 83 48 31
0
